141  231
140  231
140  231
140  232
140  231
140  231
141  231
141  231
140  232
140  232
140  230
143  228
148  225
152  223
154  222
153  220
151  219
148  223
146  224
143  225
140  230
137  229
135  228
133  233
134  233
133  234
133  234
133  234
133  234
133  235
133  235
133  235
133  235
133  235
133  235
133  235
133  235
133  235
133  235
133  235
133  235
133  235
133  235
133  235
133  235
133  235
133  235
133  235
133  235
133  235
133  235
133  235
133  235
133  235
133  235
133  235
133  235
133  235
133  235
133  235
133  235
133  235
133  235
133  235
133  235
133  235
133  235
133  235
133  235
133  235
133  235
133  235
133  235
133  235
133  235
133  235
133  235
133  235
133  235
133  235
133  235
133  235
133  235
133  235
133  235
134  235
134  235
133  235
133  235
133  235
134  235
134  235
134  235
133  235
134  235
134  235
133  235
133  235
133  235
133  235
133  235
133  235
133  235
133  235
133  235
133  235
133  235
133  235
133  235
133  235
133  235
133  235
133  235
133  235
133  235
133  235
133  235
133  235
133  235
133  235
133  235
133  235
133  235
133  235
133  235
136  233
140  234
142  235
145  237
146  239
145  241
145  243
146  243
145  243
145  244
145  244
146  244
146  244
147  244
148  244
149  245
147  249
149  249
149  251
147  253
148  255
148  256
147  255
152  252
150  249
151  247
150  247
148  246
146  245
143  245
141  245
140  245
140  245
140  245
140  245
141  245
141  245
141  245
141  245
141  245
140  245
141  245
140  240
141  232
140  225
137  222
136  220
137  219
143  216
153  214
162  210
173  210
173  203
173  202
173  202
173  202
173  201
173  201
173  201
173  201
173  201
173  201
173  201
173  201
173  201
173  200
173  200
174  200
173  200
174  200
173  200
173  200
174  200
173  200
174  200
173  200
174  200
177  200
181  200
185  197
195  196
199  187
206  182
212  184
213  178
214  170
219  156
223  142
220  131
222  122
227  119
236  116
246  123
249  124
251  125
251  126
252  127
255  128
259  128
261  128
260  129
260  129
262  130
262  130
261  130
261  129
261  130
261  130
261  130
260  130
260  130
255  133
250  134
243  134
240  133
242  131
249  131
258  131
266  131
271  132
270  132
271  132
271  132
271  133
271  133
272  134
271  134
271  134
271  134
271  134
271  134
271  134
272  135
271  135
271  135
272  135
272  136
272  135
272  135
272  135
272  136
272  135
272  135
272  135
272  135
272  135
272  135
272  135
272  135
272  136
272  136
272  136
272  136
272  136
272  136
272  136
272  136
271  136
266  136
257  137
247  137
240  137
234  137
228  136
225  135
225  136
226  137
225  138
227  137
228  137
227  137
227  136
226  136
226  136
226  135
226  135
226  135
227  135
227  135
227  135
227  135
227  136
227  136
228  135
226  136
228  136
231  136
233  136
233  136
235  136
234  136
234  136
234  136
234  136
234  136
238  135
247  136
251  138
255  135
260  132
261  131
265  131
273  131
273  133
272  133
274  132
275  133
273  134
272  133
272  133
272  133
270  134
264  135
256  137
247  139
243  140
242  140
240  140
240  140
240  140
240  140
242  138
245  137
251  138
267  137
275  138
280  141
282  143
282  143
282  144
281  143
281  143
281  144
281  144
282  144
285  149
271  156
262  163
260  177
257  188
252  198
247  205
247  211
246  212
244  213
246  223
260  229
269  231
278  234
282  235
284  237
285  240
288  241
290  242
294  243
299  245
302  249
300  250
295  251
293  251
292  251
292  250
292  250
292  250
292  251
291  251
291  251
291  251
292  251
292  251
291  251
291  252
293  251
293  252
290  260
289  266
287  264
287  263
287  264
287  264
287  264
287  264
287  264
287  262
288  260
289  261
290  263
288  266
287  269
287  272
287  271
286  272
286  272
286  272
286  272
286  273
287  276
287  279
286  281
286  281
287  278
289  273
290  274
292  278
292  283
292  286
292  290
290  291
287  286
284  267
281  264
278  260
278  258
277  257
276  254
272  252
265  252
254  261
246  265
242  267
240  276
245  288
249  298
247  301
248  306
248  313
243  326
241  331
237  335
236  337
235  335
233  335
233  334
234  332
234  332
235  331
235  331
233  332
234  332
233  333
234  332
235  331
235  330
235  330
235  330
236  329
237  329
237  328
238  328
238  328
239  328
239  327
239  327
239  327
239  328
239  327
238  329
233  336
232  341
230  344
232  344
235  342
237  340
238  338
237  339
235  339
236  339
233  340
232  342
226  345
221  349
220  348
222  347
223  345
224  346
224  346
225  345
232  341
243  335
239  330
234  321
214  310
200  304
196  304
195  304
194  305
193  304
193  303
192  303
192  303
191  303
190  302
190  304
189  299
193  289
204  274
204  259
208  247
214  238
218  229
223  220
227  213
241  206
251  206
253  207
251  204
245  198
239  193
240  190
245  187
242  173
233  153
226  136
224  129
223  126
222  119
225  119
227  119
229  122
229  122
228  123
229  123
229  123
229  123
230  123
230  124
230  124
231  123
231  123
231  123
231  123
231  123
232  123
232  123
231  123
231  123
231  123
231  123
232  123
233  123
232  123
232  123
232  123
233  123
233  123
233  123
233  123
233  123
233  123
233  123
233  123
234  122
233  122
233  122
233  122
233  122
234  122
233  122
234  122
234  122
234  122
233  123
234  123
234  122
233  122
233  122
233  122
233  122
233  122
233  122
233  122
235  122
234  121
235  121
235  122
235  121
234  122
234  122
234  122
234  122
234  122
234  122
234  122
234  122
234  122
234  121
235  121
236  121
235  120
235  120
234  120
235  120
235  120
234  121
234  121
234  120
233  121
228  123
231  124
238  124
243  124
245  125
246  125
246  126
246  126
246  126
240  126
238  126
242  123
248  121
256  119
259  120
261  122
263  122
262  123
262  123
254  124
244  125
232  126
225  127
224  127
224  128
225  128
225  127
225  129
222  130
221  133
220  134
219  135
219  137
218  137
217  137
215  136
215  136
215  136
215  136
215  136
215  136
216  136
216  136
216  136
216  136
216  136
216  136
216  136
215  136
216  136
216  136
216  136
217  137
217  137
217  136
217  136
217  136
218  138
219  144
215  150
215  153
213  155
213  155
212  156
212  157
212  157
212  156
212  157
213  155
209  150
204  143
207  142
213  145
227  149
241  153
246  157
243  160
245  163
254  162
265  155
266  147
257  141
237  139
218  139
209  131
223  126
240  124
249  119
250  117
251  117
251  117
251  116
251  116
251  116
251  116
251  115
252  115
251  115
252  115
252  115
252  115
252  114
252  114
252  114
252  114
255  115
270  117
287  119
287  119
288  120
288  119
287  119
285  118
285  118
288  118
287  118
288  118
288  118
288  118
289  119
289  119
289  118
289  118
288  118
285  120
279  124
271  132
264  136
261  140
262  146
255  159
247  174
244  184
242  188
232  189
228  198
227  203
231  206
234  211
233  216
229  236
241  262
244  279
249  306
243  325
236  330
237  337
242  351
241  372
245  374
253  379
257  395
256  402
255  416
258  431
266  447
269  461
261  481
246  495
242  499
241  506
237  528
238  528
230  534
223  529
218  520
214  519
209  517
203  516
201  515
199  515
200  515
199  514
199  515
198  515
198  515
197  515
194  518
195  518
195  518
199  519
199  519
203  521
202  522
202  522
204  522
204  522
204  524
208  525
207  525
207  526
210  527
213  530
215  532
214  530
213  529
215  530
214  530
214  529
215  530
215  530
214  530
215  530
214  530
215  530
216  530
216  531
217  530
217  531
217  530
218  530
219  530
215  530
213  529
212  528
214  528
213  526
214  525
217  524
215  520
215  518
218  515
220  512
222  512
221  511
220  511
216  516
210  517
205  515
202  512
202  511
202  512
202  511
202  511
202  512
203  511
203  509
204  509
204  509
205  509
205  510
204  510
204  510
204  509
204  510
204  509
204  509
203  509
203  508
203  508
203  509
204  508
203  509
203  509
203  508
204  509
204  510
204  510
204  510
205  510
204  510
204  510
204  510
204  510
203  510
204  510
204  509
204  509
204  509
204  509
204  509
204  508
204  508
204  508
204  508
204  508
204  508
205  509
202  509
198  506
196  505
192  505
193  505
193  504
193  504
192  503
192  503
192  503
192  503
192  503
192  503
191  503
192  503
193  503
203  506
214  507
219  497
221  481
217  468
211  457
203  439
191  429
179  417
165  402
151  390
132  387
127  380
123  368
124  363
124  362
124  362
124  362
124  362
125  362
124  362
125  362
125  362
125  362
125  358
125  356
126  358
123  353
120  345
119  329
118  317
117  307
116  297
117  293
117  289
117  288
117  288
118  289
118  288
117  286
118  287
118  285
119  285
119  285
120  284
120  284
120  284
120  284
121  284
122  283
122  277
123  267
123  261
115  257
107  244
94  244
88  233
90  228
83  212
83  211
83  212
83  212
83  213
83  213
83  213
83  213
83  213
83  213
83  212
83  213
84  214
84  214
84  213
84  213
86  213
86  212
87  213
87  212
88  213
88  211
88  211
89  211
89  211
89  211
89  211
89  211
89  211
89  211
89  211
89  211
89  211
89  211
90  211
89  211
89  211
89  211
89  211
89  211
90  211
91  211
92  211
94  213
93  213
94  213
94  212
94  212
93  212
93  211
95  213
97  214
96  218
95  222
93  223
92  224
91  224
90  224
89  222
89  222
89  221
89  220
89  220
89  220
88  220
88  220
87  220
87  221
88  222
88  223
88  223
89  224
88  225
87  227
87  227
87  227
87  227
87  227
87  227
87  227
87  227
87  227
87  227
87  227
87  227
87  227
87  227
86  227
86  227
87  227
87  227
86  226
86  226
86  226
87  226
86  226
86  226
86  226
86  226
87  226
86  226
86  227
86  227
88  230
87  228
87  227
84  218
83  211
84  208
84  206
83  205
83  205
83  205
83  205
83  205
83  205
83  205
83  205
83  204
82  204
83  204
83  205
84  205
85  207
87  213
90  219
92  225
94  225
99  222
105  216
114  213
127  210
138  207
148  202
158  196
164  196
173  190
175  187
180  179
189  174
196  173
200  169
202  169
208  166
209  165
209  166
213  166
216  165
221  162
225  161
224  162
216  167
202  175
193  182
186  188
179  190
181  191
181  190
165  193
143  200
128  203
124  208
123  212
118  213
112  215
110  215
108  214
108  215
108  216
108  216
108  216
108  216
108  216
107  217
107  217
107  216
107  217
107  216
107  217
107  217
107  217
107  217
107  217
106  217
106  217
106  217
106  217
106  216
105  214
106  213
105  213
104  212
105  213
105  213
104  213
104  213
104  213
104  213
104  213
104  213
104  213
104  213
104  214
104  214
105  214
105  214
106  214
107  214
107  213
108  213
106  216
105  212
105  209
102  209
102  212
106  214
110  209
114  203
115  200
115  200
115  202
116  205
119  205
125  201
130  198
132  196
131  196
135  190
140  181
150  172
158  171
171  170
182  168
188  169
192  168
184  170
173  175
166  179
155  189
147  197
142  200
133  203
128  205
123  207
123  209
124  210
121  212
116  211
113  213
113  213
109  209
105  207
98  207
96  209
102  213
104  218
100  224
96  235
96  246
98  256
102  264
112  269
112  275
110  282
108  288
105  290
102  292
109  293
149  294
173  275
183  257
193  243
200  235
205  228
212  228
218  222
220  219
221  217
217  221
205  226
188  232
176  232
176  228
178  230
181  233
186  236
197  236
212  236
221  240
225  250
235  256
236  256
231  253
230  250
228  250
228  250
228  251
228  251
228  251
229  251
228  251
228  252
228  252
228  252
228  253
229  253
228  253
228  253
229  253
228  252
213  245
213  237
226  230
244  223
254  215
264  210
268  210
270  210
271  208
271  208
270  208
271  207
260  207
231  212
202  221
197  230
198  235
196  236
195  242
193  247
189  250
183  250
180  250
179  250
180  251
179  251
179  251
178  248
176  247
169  251
166  263
162  270
160  271
163  270
164  270
164  272
167  275
168  278
170  279
179  284
198  279
214  277
229  280
232  280
231  280
231  280
232  282
234  285
234  288
234  289
234  295
234  299
226  307
218  326
206  358
192  391
189  420
194  455
201  463
193  481
182  505
194  519
202  520
199  518
202  518
201  521
199  517
189  528
209  524
210  525
221  529
220  529
223  529
227  530
231  531
230  531
231  531
231  531
231  530
233  531
233  530
235  531
235  531
238  533
236  532
236  531
236  531
238  531
236  531
238  532
237  532
237  531
238  532
238  532
238  532
236  531
237  531
236  530
237  531
234  530
233  530
232  530
233  531
233  531
233  531
231  529
233  531
235  531
235  531
236  531
234  530
233  529
233  529
233  529
234  530
236  531
238  533
239  533
241  533
240  532
242  534
241  533
241  533
242  533
242  534
241  533
243  534
241  533
242  533
241  533
243  535
240  534
240  533
238  533
239  534
238  533
239  533
240  534
242  534
240  534
240  534
239  533
241  534
239  532
241  533
239  532
241  533
238  532
240  532
238  531
240  533
239  532
241  533
242  533
245  534
246  534
246  534
248  534
247  534
248  534
248  534
247  534
246  536
249  536
247  536
251  537
253  538
251  537
250  537
248  537
247  539
249  540
248  540
246  540
242  541
243  542
243  542
240  541
240  542
239  543
240  543
240  541
242  540
241  540
237  539
234  538
232  537
229  536
229  535
231  536
229  535
232  535
230  535
230  535
229  536
229  536
229  534
233  536
232  536
245  539
238  536
244  538
245  536
249  540
252  541
249  541
249  540
247  538
248  539
245  537
246  537
250  536
248  537
245  530
240  524
236  528
232  524
233  524
236  524
240  526
238  527
239  527
241  526
237  526
236  525
235  525
237  525
236  527
237  526
239  529
247  532
252  534
252  533
251  533
254  534
256  534
255  533
253  530
251  529
246  530
244  531
249  529
247  530
247  529
248  530
247  531
250  532
252  534
251  535
252  534
250  536
245  534
241  532
241  532
237  532
240  534
242  532
241  534
246  534
246  538
248  538
249  539
255  538
255  538
248  535
241  534
240  534
238  534
239  534
241  534
239  536
240  534
238  535
238  535
239  536
242  536
242  536
238  535
238  535
235  534
237  537
240  535
240  536
237  535
238  537
245  534
247  535
249  537
250  537
249  537
247  537
245  537
245  536
245  535
243  534
245  535
254  536
250  538
250  536
249  538
250  538
248  536
250  538
247  531
247  531
248  532
248  532
247  534
245  531
244  533
241  528
238  527
237  528
237  528
240  527
238  525
238  525
238  523
236  522
236  523
236  524
235  524
241  527
244  528
244  527
244  525
240  524
240  524
236  523
237  523
237  523
237  522
237  522
237  523
238  523
237  522
237  523
237  523
237  522
236  523
234  520
232  517
228  505
224  498
219  496
215  487
216  488
215  485
213  475
213  472
214  474
215  479
213  477
209  472
207  469
206  470
202  463
201  462
202  463
200  459
199  454
195  447
194  446
194  442
195  442
194  441
195  440
197  444
195  443
192  439
190  433
189  434
184  428
173  420
165  411
162  409
159  411
156  411
152  407
151  402
151  398
153  395
154  391
155  390
156  390
156  390
155  389
156  388
156  388
157  387
157  387
157  387
155  389
153  382
153  370
151  354
147  337
139  313
129  284
125  266
119  264
111  267
107  263
106  261
108  260
109  245
118  242
130  254
145  263
151  263
155  264
156  270
156  270
154  267
152  263
150  262
150  261
150  260
146  263
147  269
146  272
147  269
157  270
162  270
180  280
199  283
209  282
214  278
225  282
232  288
241  288
234  281
221  271
210  267
202  268
198  271
203  272
204  274
205  275
204  277
204  279
205  283
205  285
204  285
204  285
203  285
203  285
203  286
203  286
203  286
204  286
205  287
207  285
211  280
216  281
208  280
211  279
218  280
230  300
241  314
246  315
242  317
243  318
244  318
244  317
247  319
247  319
247  319
247  319
247  319
247  319
247  319
247  320
247  320
248  319
248  319
248  319
248  319
248  319
246  322
238  328
235  331
231  334
228  334
221  345
217  351
217  361
213  367
212  368
207  371
206  369
204  369
207  368
211  366
212  367
213  366
213  366
212  366
214  365
214  365
215  364
215  363
215  363
215  364
212  372
212  374
212  374
211  374
211  373
211  374
211  374
210  374
210  375
209  375
209  375
206  381
207  381
207  381
207  381
206  382
206  381
203  382
202  383
195  385
197  386
197  386
197  386
198  385
197  386
199  385
198  385
198  385
198  385
199  384
198  385
199  385
198  385
199  385
198  385
199  385
197  387
199  386
197  387
196  389
192  395
187  403
182  411
177  417
177  419
174  422
174  423
176  421
177  421
178  421
181  419
181  419
181  419
184  418
183  419
188  417
187  417
187  416
189  414
190  413
196  412
205  406
212  397
217  387
216  372
204  352
198  342
192  337
189  336
188  336
187  335
187  335
187  335
187  335
187  335
187  335
187  335
187  336
186  336
187  337
187  336
186  336
187  336
186  335
186  335
186  335
187  335
186  335
186  335
185  334
185  334
185  334
185  334
185  333
183  332
181  331
182  331
182  328
181  330
185  336
189  340
188  340
189  341
194  343
198  342
198  343
199  343
200  342
200  342
202  341
202  341
198  342
199  341
199  341
201  341
200  342
203  342
202  342
203  343
202  343
202  343
203  343
202  343
204  343
203  343
204  344
204  344
205  343
205  343
205  344
205  344
204  344
190  336
188  327
187  312
179  298
179  288
173  270
166  253
165  247
165  247
166  252
165  253
165  253
165  254
166  254
168  253
169  253
170  253
170  253
170  252
170  252
170  252
169  252
169  252
169  252
168  254
166  257
163  253
159  244
155  232
138  222
122  223
119  222
121  215
126  213
127  212
128  211
127  211
125  208
126  210
124  210
125  212
126  213
127  212
129  214
131  214
133  213
134  214
134  214
135  214
135  214
135  214
135  214
135  214
135  214
135  214
135  214
135  214
135  214
135  214
135  214
135  214
136  214
136  214
136  214
136  214
137  214
137  214
137  214
137  215
137  215
136  215
136  215
137  215
136  215
136  215
136  215
135  215
136  215
137  215
137  214
138  215
137  215
137  215
136  214
135  214
135  214
135  214
135  215
134  216
133  217
132  218
132  216
133  215
135  213
134  213
133  211
132  209
129  207
129  205
128  205
127  205
126  204
124  203
123  202
122  202
122  202
121  201
120  201
120  201
119  200
119  200
117  199
117  203
117  206
116  209
115  211
115  211
114  211
114  210
115  211
115  211
116  209
120  210
122  210
123  210
124  211
124  211
124  211
122  211
123  211
123  211
124  211
123  211
124  211
124  211
123  211
123  211
123  211
123  210
121  207
117  204
116  204
116  205
115  204
115  204
115  204
115  204
115  204
115  204
115  205
115  205
116  204
116  204
116  204
116  204
116  204
117  204
117  204
117  204
117  204
117  205
118  207
118  208
118  209
117  209
117  211
116  210
116  209
116  209
117  209
117  210
116  209
117  209
116  210
116  209
117  209
117  209
118  209
118  209
117  207
117  207
117  207
117  207
117  207
117  207
117  207
117  207
117  207
117  207
117  207
117  207
117  207
117  207
117  207
117  207
117  208
117  208
117  208
117  207
117  210
116  211
115  209
117  207
120  205
121  205
121  206
122  206
122  203
121  200
122  199
124  197
124  196
124  196
121  198
120  200
120  200
119  201
119  202
118  202
119  203
119  203
119  203
119  203
119  203
119  203
119  202
121  202
122  201
122  201
122  201
125  208
134  204
148  196
159  192
166  181
177  172
190  171
204  172
219  165
224  143
224  124
234  120
241  121
245  125
248  126
249  127
251  126
252  126
250  126
250  126
250  126
250  126
250  127
250  127
249  127
249  128
255  128
259  128
263  125
265  123
265  122
267  121
268  120
267  120
267  120
267  120
267  121
268  121
268  122
267  121
267  122
267  122
268  122
268  121
268  121
267  121
266  122
266  122
267  121
274  122
274  122
275  122
277  122
278  122
278  122
278  122
278  122
278  122
281  124
282  124
284  125
284  125
286  124
286  123
289  118
283  116
281  116
279  115
280  115
280  116
283  115
282  113
285  113
287  113
289  113
290  116
291  117
294  120
294  121
294  123
290  126
286  126
289  124
290  123
290  122
289  122
290  122
290  125
287  128
280  130
273  132
267  132
259  131
251  129
247  128
245  126
243  125
241  126
239  122
241  122
242  123
244  123
250  124
253  125
257  125
261  126
262  127
262  127
263  127
264  128
263  128
263  128
263  128
263  128
265  128
267  128
267  128
269  127
273  127
274  128
276  128
281  128
283  129
280  128
274  131
266  137
256  140
252  145
253  150
256  155
258  157
258  160
259  162
259  162
259  162
259  163
259  162
257  161
256  162
256  163
256  166
257  172
257  174
257  175
257  174
254  173
253  173
251  171
248  168
241  166
230  167
219  170
216  172
214  174
213  178
211  183
214  185
214  187
211  192
207  191
206  190
211  199
223  211
222  218
216  215
214  212
214  212
211  215
208  216
208  218
207  217
206  216
206  215
205  215
206  215
205  215
205  215
205  215
202  214
200  212
198  210
196  210
196  211
196  213
195  219
196  225
199  226
202  223
208  220
212  213
214  208
216  205
220  196
230  189
245  183
252  176
255  177
257  175
262  162
258  154
242  150
224  142
219  139
219  139
217  138
218  137
213  129
217  126
217  123
216  122
216  123
215  123
214  124
214  124
214  123
214  124
214  124
213  124
214  124
214  124
214  124
214  124
214  124
214  124
214  124
214  124
214  124
214  124
214  124
214  124
214  124
214  124
212  124
218  124
222  124
224  125
231  122
241  119
245  118
247  118
247  117
247  117
246  118
246  118
245  117
246  116
245  113
242  112
246  110
251  108
252  108
252  108
252  109
252  108
250  110
247  115
245  119
250  119
251  122
255  129
259  137
259  142
270  147
280  150
281  151
282  151
282  150
281  150
283  151
284  149
288  151
293  157
297  165
299  170
297  176
299  178
302  182
302  181
305  182
309  183
316  186
320  187
324  184
322  184
322  183
320  181
320  180
321  179
319  179
319  179
319  179
319  180
319  180
319  181
319  181
320  181
320  181
320  181
320  181
319  182
320  181
320  182
320  182
320  182
319  182
319  182
319  182
319  182
318  182
319  182
319  181
319  182
319  182
319  182
319  182
319  181
319  182
319  182
319  182
319  182
319  182
319  182
319  182
319  182
319  182
319  182
319  182
319  182
319  182
319  182
319  182
320  182
319  182
319  182
319  182
319  182
319  182
319  182
320  182
321  182
321  184
322  187
328  186
332  184
336  182
339  177
337  170
336  165
334  163
329  163
327  162
326  159
323  153
324  149
324  147
324  147
323  148
324  149
324  150
324  150
324  148
322  150
319  153
325  157
327  162
331  168
332  174
329  179
329  181
326  180
326  177
328  176
327  175
326  177
326  178
325  178
325  178
325  178
325  178
325  178
325  178
325  178
326  178
326  178
326  178
325  178
325  178
325  178
325  178
326  177
325  177
326  177
326  177
326  177
326  177
326  177
326  177
326  176
326  176
326  176
326  176
326  176
326  176
327  176
326  176
326  176
327  176
328  176
327  176
327  177
329  178
332  178
335  178
334  178
334  176
334  175
334  176
331  178
331  178
330  177
331  177
330  177
330  178
330  179
330  179
330  179
330  179
329  179
330  179
330  179
330  179
330  179
330  179
324  179
311  174
310  173
305  174
296  180
289  186
286  196
284  201
280  203
277  204
273  207
269  210
268  214
272  221
282  226
285  230
283  231
282  231
282  231
282  231
282  231
281  231
281  231
281  231
281  231
281  231
281  231
281  231
281  231
281  231
281  231
281  231
281  231
282  231
282  231
282  231
281  231
281  230
281  230
281  230
281  230
281  230
281  230
281  230
281  230
281  230
281  230
281  230
281  230
281  230
281  230
281  230
281  230
281  230
281  230
281  230
281  230
281  230
281  230
281  230
281  230
281  230
281  230
281  230
281  230
281  230
282  230
283  231
285  230
287  228
286  228
285  227
285  227
285  228
285  228
286  228
286  228
285  229
285  230
285  230
284  231
282  232
281  232
282  232
282  232
281  232
282  232
282  232
282  232
282  232
282  232
282  232
282  232
282  232
282  232
282  232
282  232
283  232
286  233
293  235
299  237
305  239
305  238
310  239
311  241
306  239
299  239
293  240
287  243
287  242
288  236
292  230
294  227
294  223
294  216
294  215
294  207
296  205
298  205
299  204
300  206
298  207
297  210
300  217
304  222
305  224
303  224
298  225
295  225
294  225
294  224
295  224
293  222
293  221
292  220
292  221
293  221
294  223
297  226
302  229
309  231
314  233
321  235
322  234
323  232
324  232
326  232
325  230
325  231
324  231
324  230
325  231
325  236
325  238
326  240
326  241
326  241
326  242
325  242
323  243
319  242
308  242
301  239
295  237
289  239
288  247
295  256
297  262
292  275
279  289
273  304
279  319
287  334
291  344
300  348
305  350
307  350
318  354
323  354
323  354
324  354
324  355
324  355
324  355
324  355
324  355
324  355
324  354
324  354
325  353
324  351
323  351
323  351
323  352
331  351
336  345
333  337
340  330
350  327
356  326
366  323
371  315
364  325
362  325
365  326
370  323
372  323
373  324
372  323
370  322
371  322
371  321
373  319
373  319
373  318
373  317
373  315
373  315
372  315
372  315
372  314
372  314
372  315
372  315
372  316
372  316
372  315
372  315
372  314
371  314
371  315
370  318
369  319
368  319
368  319
368  320
367  321
368  320
367  319
367  319
367  319
367  319
367  319
367  319
369  317
372  313
372  312
371  313
372  316
375  313
376  310
378  307
380  301
380  301
381  301
381  297
383  282
382  269
384  255
389  243
387  238
386  237
386  236
387  235
387  236
387  237
384  239
384  252
387  262
386  267
385  270
383  273
383  277
382  288
382  296
376  307
371  321
372  335
372  341
373  340
373  339
373  338
372  337
372  337
372  337
372  336
371  337
370  339
368  341
367  343
366  345
367  346
368  346
367  346
368  345
369  343
371  340
371  336
370  336
370  335
370  335
369  335
369  335
369  334
369  334
368  334
368  333
368  333
368  334
367  334
367  333
367  333
366  333
367  333
367  333
366  333
364  332
363  332
364  332
364  331
363  332
364  330
364  331
364  331
364  331
363  331
364  331
364  331
364  331
363  331
363  331
363  331
363  330
363  330
363  330
363  331
363  330
363  330
363  330
363  330
363  330
362  331
363  330
363  330
364  330
365  329
364  330
364  330
364  330
364  329
364  329
364  330
364  330
363  329
364  329
363  329
363  329
364  330
363  330
360  332
356  336
352  338
352  337
352  337
349  339
348  341
348  342
348  345
346  349
345  351
344  351
344  348
346  347
345  347
346  348
346  350
347  352
347  353
347  353
348  354
347  354
348  354
348  355
348  355
348  355
348  355
349  355
349  355
349  355
349  355
349  355
349  355
349  355
349  355
350  355
349  355
349  355
349  356
349  356
350  356
350  356
350  356
349  356
349  356
349  356
349  356
349  356
349  356
349  356
349  356
349  356
349  356
349  356
349  356
349  355
352  352
355  348
354  347
357  348
360  349
364  353
365  348
366  343
366  341
367  340
367  339
367  339
367  339
367  339
367  338
367  337
368  335
371  327
372  316
372  306
377  292
381  276
381  273
381  266
383  261
380  263
383  261
389  257
390  260
391  261
390  259
390  254
388  252
384  250
376  254
375  256
374  255
373  255
372  255
372  255
371  255
371  255
371  255
371  256
371  256
371  255
370  254
369  254
368  254
368  254
366  257
364  257
363  257
363  257
363  258
363  258
363  258
362  258
362  258
362  259
362  259
362  259
362  259
361  259
361  259
361  259
361  259
360  260
360  260
361  260
360  260
360  260
360  260
360  260
361  260
360  260
360  260
360  260
360  260
360  260
360  260
360  260
360  260
360  260
360  260
360  260
360  260
360  260
360  260
360  260
360  260
360  260
360  260
360  260
363  263
365  264
366  263
367  263
368  263
368  261
367  260
366  258
365  258
365  258
364  258
364  260
363  259
363  256
365  252
362  245
356  241
345  240
344  239
341  231
344  221
340  208
331  205
334  206
333  208
333  211
333  212
334  214
334  214
334  215
334  216
331  219
330  225
330  235
330  237
330  233
331  232
331  232
331  232
329  232
327  233
327  233
327  233
324  235
325  235
324  237
324  237
324  237
324  237
324  237
324  237
324  237
324  237
323  238
323  238
327  237
332  233
335  227
338  227
338  226
339  226
339  225
339  227
339  230
341  231
343  234
345  240
348  245
349  248
346  240
338  241
334  245
333  244
332  245
332  244
332  244
331  244
332  243
331  243
331  242
331  243
331  241
331  240
330  240
330  241
330  241
329  242
328  242
328  241
328  241
328  242
329  241
328  235
327  226
324  223
321  220
315  217
309  217
305  218
304  224
307  231
313  236
317  240
317  243
319  244
319  244
317  243
314  245
312  246
306  247
300  252
296  255
307  254
321  254
316  259
302  267
293  275
279  286
254  306
224  322
201  342
187  354
183  363
185  374
177  395
180  402
165  414
158  419
144  424
137  432
135  457
135  465
138  474
141  483
144  489
147  493
156  504
162  507
179  528
184  537
187  537
203  536
210  536
221  539
222  540
223  539
221  538
216  536
213  534
214  534
215  533
217  532
215  532
214  533
212  533
211  533
210  533
209  533
208  533
206  533
205  533
204  533
202  532
201  531
199  530
199  531
199  531
199  531
199  531
203  531
205  532
201  532
202  533
205  534
210  534
212  534
217  535
219  536
215  536
214  536
217  533
220  533
220  533
221  533
222  532
222  532
222  532
222  531
221  531
207  530
201  529
195  529
191  529
185  528
180  527
176  527
175  528
178  530
184  531
191  532
196  531
176  537
172  539
171  538
174  527
170  522
170  515
169  514
170  513
170  512
170  512
169  512
169  512
169  512
169  512
169  512
169  512
167  518
166  520
165  520
165  520
166  520
166  520
164  520
164  520
163  519
165  520
167  520
169  521
170  521
170  520
170  520
170  520
170  518
168  517
165  517
164  517
164  517
164  517
164  517
164  517
163  517
164  517
164  517
162  517
158  513
146  511
145  512
149  507
157  497
166  497
169  494
168  492
165  494
165  495
166  496
167  497
166  499
162  500
158  501
156  501
155  501
155  502
154  505
154  507
154  508
154  510
155  512
156  515
158  519
161  522
164  525
168  525
168  525
168  524
168  523
168  523
168  524
171  524
174  524
178  522
179  522
178  522
175  517
171  513
167  512
167  512
167  512
168  511
168  512
167  512
166  512
164  512
165  513
166  513
166  513
169  509
171  504
173  502
175  503
175  503
174  503
175  504
172  504
172  506
171  506
164  507
160  510
166  512
164  510
158  508
156  508
152  511
150  509
159  508
161  509
162  509
162  508
163  509
165  509
165  509
165  509
165  508
165  508
165  508
166  509
165  509
166  509
165  509
165  508
166  508
166  508
169  508
172  504
178  504
182  505
182  507
181  506
181  507
180  505
178  499
175  491
174  484
171  478
170  473
170  468
169  467
169  466
169  466
169  466
169  465
169  465
169  465
169  465
169  465
170  465
169  465
169  465
169  465
169  465
169  465
169  465
169  465
169  465
169  465
169  465
169  465
170  467
173  472
175  480
175  485
173  487
172  484
171  478
173  470
173  466
172  458
167  444
167  417
184  384
188  360
182  334
166  303
153  279
150  256
168  229
186  222
202  218
209  208
202  202
194  201
193  200
193  203
192  204
189  206
185  209
186  210
189  211
188  213
182  216
176  223
177  222
178  222
178  223
177  221
174  219
173  219
173  221
172  220
173  222
173  226
172  225
172  224
172  223
171  223
171  222
172  214
172  213
172  213
172  213
172  212
172  212
172  212
172  212
172  212
172  212
172  212
172  212
175  215
176  216
177  218
178  218
177  218
177  218
177  218
177  217
177  217
177  217
177  217
176  218
176  218
175  217
175  217
175  217
172  215
172  214
173  214
173  214
174  214
174  214
173  214
171  211
171  213
171  214
171  214
168  207
168  204
167  203
167  203
167  203
167  203
166  203
166  203
166  204
166  204
166  205
166  205
166  204
165  202
164  200
164  199
162  200
162  200
162  200
161  200
162  201
162  201
162  201
156  195
157  192
158  189
158  189
159  190
160  190
163  193
164  194
162  194
162  194
163  195
164  196
164  195
165  196
164  196
163  197
158  196
157  196
165  196
172  191
175  177
180  169
183  170
183  171
188  166
194  161
205  162
213  158
217  156
217  157
218  157
218  157
219  156
220  156
221  156
222  156
214  159
208  158
221  158
238  156
254  143
264  147
274  151
287  151
292  151
295  149
292  147
286  146
275  148
246  159
237  157
235  159
235  160
235  161
235  161
235  162
235  162
235  162
234  163
234  163
235  163
236  164
238  167
240  167
241  174
235  184
230  189
224  195
229  202
231  208
234  211
235  214
236  216
236  217
237  217
238  218
238  216
233  221
225  225
233  258
189  422
184  461
184  472
183  473
183  477
185  480
191  481
194  482
195  484
197  482
195  486
195  484
196  486
195  484
197  486
196  485
197  486
196  486
197  491
198  507
196  512
215  527
223  520
223  520
223  520
223  520
223  519
223  520
223  520
223  520
223  519
223  519
223  519
223  519
223  519
223  520
223  519
223  519
224  519
223  519
223  519
222  520
223  519
223  519
223  519
223  519
223  519
223  519
224  519
223  519
223  519
223  519
224  519
224  518
223  518
224  518
223  518
224  518
223  518
223  518
223  518
223  518
223  518
223  518
225  518
222  519
223  520
220  520
222  520
222  521
222  522
229  520
236  520
241  519
243  519
243  519
243  520
243  519
241  517
239  515
239  514
239  514
238  512
237  511
237  512
235  515
232  519
228  519
229  521
232  520
235  519
239  519
242  520
244  521
247  522
249  520
249  516
249  515
248  515
249  518
251  518
252  517
254  520
255  519
255  516
255  516
253  515
254  513
252  513
252  512
254  513
260  517
257  519
262  520
260  521
261  522
260  523
261  522
261  523
264  523
262  523
265  523
264  524
265  524
264  524
265  523
264  521
263  521
262  521
259  520
257  519
259  518
258  518
259  518
262  519
264  520
266  522
267  522
267  522
268  522
268  522
267  522
264  522
252  515
245  511
245  511
244  509
242  508
242  508
242  507
241  507
241  507
242  506
241  507
238  508
234  509
223  512
221  513
222  512
221  512
220  512
220  511
220  511
220  511
221  511
222  511
221  512
222  511
222  511
221  511
222  512
221  512
223  512
222  513
222  512
220  512
222  512
221  512
223  512
222  512
217  510
218  510
220  510
219  510
221  510
221  510
221  510
222  510
221  511
224  511
222  513
220  513
223  514
223  515
224  516
224  516
223  516
224  516
224  516
226  516
224  516
224  516
224  516
223  516
223  516
224  516
221  515
221  515
222  515
223  515
225  518
224  521
222  523
222  525
222  526
223  526
225  525
226  524
229  523
234  519
239  512
239  506
236  507
233  507
229  502
235  492
234  477
227  456
214  435
205  421
195  408
183  399
164  376
152  359
145  351
132  344
132  333
125  307
125  288
124  284
123  281
123  278
122  276
123  275
124  274
125  274
125  273
127  272
127  270
129  269
129  268
129  268
129  269
130  269
130  269
129  268
130  268
131  267
131  267
132  267
131  266
132  265
133  266
132  265
132  266
132  265
133  266
133  266
133  267
133  268
133  268
133  268
133  267
133  268
133  268
133  268
132  268
132  268
132  268
132  268
132  268
132  268
132  268
132  268
132  268
132  268
132  268
132  268
132  268
132  268
132  268
132  268
132  268
132  268
132  268
132  268
132  268
132  268
132  268
132  268
132  268
132  268
132  268
132  268
132  269
132  269
133  269
132  269
132  269
132  269
132  269
132  269
132  269
132  269
132  269
132  269
132  269
132  269
132  269
132  269
132  269
132  269
131  268
131  268
131  268
131  268
131  268
131  268
131  268
132  269
132  269
133  269
133  269
134  268
135  268
137  269
139  269
141  269
143  270
143  270
144  270
144  271
144  272
144  272
143  271
143  272
143  272
143  272
143  272
143  273
143  273
143  274
144  274
143  274
143  273
143  274
143  274
143  274
143  274
143  274
142  273
141  272
138  269
136  270
135  270
134  271
132  270
132  266
133  265
133  264
134  264
134  264
134  263
134  263
135  264
135  264
135  264
135  264
136  264
136  264
136  264
136  264
136  263
135  263
134  262
133  254
136  244
138  243
139  241
138  241
135  243
132  243
130  242
130  244
128  246
126  248
124  250
119  249
117  249
118  248
119  247
118  246
118  246
118  245
118  245
117  244
117  243
118  244
118  244
118  243
118  243
118  243
118  243
119  246
119  250
121  248
126  247
132  250
136  251
141  253
143  249
145  247
147  246
147  249
151  256
156  259
159  265
167  274
174  286
182  300
181  320
182  332
186  332
179  317
183  318
184  319
185  318
185  320
186  321
187  322
190  322
188  322
187  324
189  326
192  324
191  324
190  323
186  298
177  264
164  245
156  238
154  236
147  243
133  253
120  268
119  277
116  272
90  255
72  246
62  237
57  228
57  227
57  227
57  227
57  227
57  228
57  228
56  227
56  227
52  220
62  224
71  236
78  243
86  251
93  261
95  268
96  271
97  267
101  267
102  266
103  265
101  265
101  266
100  265
101  265
100  265
101  265
100  264
101  264
101  264
100  263
100  262
100  262
100  261
99  260
99  259
100  260
99  260
100  261
100  262
102  264
104  264
107  261
108  261
108  258
112  257
116  254
118  251
123  248
127  250
132  255
135  258
135  259
135  260
134  260
134  260
134  260
134  260
134  260
134  261
134  261
134  260
134  261
134  261
139  263
150  265
155  276
156  286
159  298
167  304
171  313
172  315
174  315
179  316
182  315
185  313
204  307
220  295
214  289
209  280
215  268
213  263
218  247
221  238
224  229
227  220
227  213
225  205
224  197
224  194
227  191
233  189
238  189
241  187
241  187
242  186
242  185
239  185
239  181
247  180
250  184
252  184
250  186
231  198
211  209
186  220
165  228
148  228
143  228
141  233
140  235
142  234
142  233
141  234
141  234
141  234
141  234
141  234
141  234
141  234
142  232
144  233
143  235
137  239
132  239
131  240
131  243
129  244
126  241
125  243
119  250
114  267
116  288
116  291
120  296
125  301
128  305
135  309
149  314
159  322
168  326
166  337
161  343
161  342
161  342
165  344
166  345
172  342
187  328
191  280
167  253
176  234
178  234
179  235
181  236
181  239
179  245
245  403
363  484
412  533
412  534
411  534
411  534
407  534
409  534
405  534
412  533
417  531
415  532
417  532
417  532
418  532
418  532
417  532
415  532
412  532
413  532
416  534
416  535
415  536
416  536
416  537
415  538
415  538
417  537
416  537
416  536
416  536
416  537
416  536
416  536
414  537
407  537
412  537
416  535
418  534
417  534
416  535
413  535
416  534
416  534
417  535
413  536
411  537
410  538
405  534
405  534
410  536
415  539
416  539
415  539
415  539
415  539
415  539
414  539
415  539
415  539
415  539
414  539
414  539
414  539
419  540
447  533
442  509
433  477
423  447
422  431
421  427
419  422
417  421
416  420
416  420
416  420
416  420
416  420
416  420
416  420
416  420
415  418
414  416
413  416
413  415
409  415
410  416
410  416
409  416
409  416
409  416
409  416
409  416
409  416
408  415
409  415
407  422
404  434
404  440
405  439
406  435
407  431
407  425
407  422
406  423
405  424
400  431
398  435
397  434
397  434
397  434
396  438
396  442
395  443
395  445
391  460
387  463
383  465
379  469
372  476
363  485
359  488
358  489
358  489
357  489
357  489
357  489
355  489
353  497
355  512
356  520
373  519
373  512
374  513
373  515
372  515
372  514
375  517
377  520
369  527
362  532
374  533
383  536
381  537
379  538
381  538
381  537
381  537
380  537
379  537
379  537
379  537
380  537
378  537
378  537
378  537
377  536
371  537
364  537
362  536
365  535
363  535
358  534
349  528
345  525
333  522
324  521
322  521
321  519
322  519
321  519
320  519
319  518
319  511
309  504
286  505
268  514
259  520
242  523
221  528
215  532
212  548
212  552
218  554
221  556
217  551
218  551
217  551
218  551
218  551
216  551
217  550
217  549
215  549
216  549
214  549
216  549
216  550
216  549
216  549
216  549
215  549
216  549
217  549
214  549
213  549
214  549
213  549
214  549
213  548
213  548
213  548
213  548
213  548
213  548
226  551
231  544
232  535
232  521
223  513
212  500
205  498
198  497
192  495
190  491
191  490
192  490
192  489
192  489
192  489
192  488
191  488
191  488
191  488
191  488
191  487
191  488
191  487
191  487
191  486
185  476
172  448
170  441
172  439
170  439
169  440
169  440
169  440
169  440
168  439
167  436
166  436
161  439
153  440
156  440
157  432
157  431
153  429
142  420
128  416
119  404
110  378
106  355
102  354
90  339
88  334
92  338
102  346
116  372
129  395
118  404
110  401
115  399
117  399
117  399
118  399
118  399
118  399
118  399
119  398
119  398
113  411
103  425
103  429
102  433
129  425
138  413
149  396
154  397
154  403
155  400
155  399
156  398
157  389
151  370
132  328
125  295
125  295
125  295
125  295
125  295
125  295
125  295
125  295
125  295
125  295
125  295
125  295
125  295
125  294
125  294
125  294
125  294
125  294
125  294
125  294
125  294
125  295
125  295
125  295
125  295
125  295
124  297
120  304
115  305
108  301
103  299
96  297
94  295
92  291
91  288
92  287
92  286
91  286
91  286
91  285
91  285
91  285
91  285
91  285
90  285
91  285
91  285
91  285
90  285
90  285
90  285
90  285
90  285
91  285
91  285
90  285
90  282
90  281
90  281
90  281
90  281
89  281
89  279
87  279
88  278
88  276
88  275
88  275
88  274
87  274
88  274
88  276
89  275
89  275
89  275
89  275
89  276
90  275
90  276
90  277
90  277
90  281
90  283
90  284
91  283
92  281
95  285
96  286
96  286
96  287
96  287
96  287
96  287
96  287
96  287
96  288
97  288
96  293
100  299
106  303
112  308
116  307
118  305
121  302
123  298
125  295
127  294
128  296
128  298
128  298
128  298
128  298
128  298
128  299
128  299
128  299
128  299
127  299
128  299
128  299
127  299
127  299
128  299
128  299
128  299
128  299
128  299
128  299
128  299
128  299
128  299
128  299
128  299
128  299
128  299
128  299
128  299
128  299
128  299
128  299
128  299
128  299
128  299
128  299
128  299
128  299
128  299
128  299
128  300
129  309
138  329
155  341
168  341
185  333
197  329
204  330
208  329
218  319
225  298
225  278
222  267
213  276
209  294
213  309
213  319
211  323
200  327
194  337
175  340
162  338
150  335
150  336
150  336
151  337
147  334
152  344
168  379
182  400
189  397
215  316
240  294
265  250
283  211
283  210
283  211
288  209
291  206
291  206
290  206
288  207
288  209
284  217
281  222
260  220
243  212
242  212
239  210
225  209
215  204
211  201
207  190
221  186
213  182
192  195
180  200
182  202
183  203
184  203
184  203
185  203
185  204
185  203
184  204
184  205
183  208
182  210
183  210
183  210
186  211
187  211
188  212
188  212
189  213
189  213
189  214
189  214
188  215
190  215
190  215
190  215
190  215
190  215
190  215
190  215
190  215
190  215
190  215
190  215
190  215
190  215
190  215
190  215
190  216
189  215
189  215
189  215
189  215
189  215
191  216
192  216
192  217
192  217
192  217
193  217
194  217
194  219
195  219
195  219
196  219
197  219
197  219
198  219
198  219
198  219
199  219
199  218
200  219
200  218
200  217
201  216
201  216
201  217
201  217
202  217
201  217
202  218
201  217
203  217
201  217
204  218
201  217
203  217
204  217
203  218
204  218
204  218
204  219
204  218
204  218
204  218
205  218
205  218
205  218
206  219
205  218
206  219
205  219
206  219
206  219
205  219
205  219
205  219
205  219
205  218
206  219
206  218
206  219
206  219
206  219
206  219
206  219
206  219
206  219
206  219
206  219
206  219
206  219
206  219
206  219
206  219
206  219
206  219
206  219
206  219
206  219
206  219
206  219
206  219
206  219
206  219
206  219
205  218
205  217
206  217
208  217
209  216
210  216
210  216
211  216
211  216
211  215
212  215
212  215
212  215
212  215
212  216
213  215
213  215
213  215
213  215
213  215
213  214
213  214
213  212
214  212
214  212
214  213
214  213
215  212
215  213
216  213
216  213
218  213
219  213
216  215
211  218
211  220
206  225
202  228
201  229
200  227
201  223
203  222
205  222
205  223
205  223
205  223
205  223
205  223
205  223
204  222
206  220
198  209
190  190
201  180
215  179
221  180
220  182
211  181
206  181
198  175
183  170
167  164
162  159
161  158
160  158
162  159
161  160
162  160
162  162
160  163
160  163
160  163
159  164
161  164
160  165
162  165
163  166
175  167
191  175
215  190
223  197
219  204
221  208
219  209
222  208
222  206
223  206
225  207
227  209
229  210
231  211
232  212
233  214
233  214
234  216
234  215
234  216
234  216
235  216
235  216
236  217
236  216
237  217
236  216
237  216
236  216
237  216
237  215
237  215
238  214
238  214
237  213
238  213
238  212
238  212
239  212
240  212
240  211
240  212
241  212
241  211
240  211
240  211
240  211
241  212
241  212
240  212
241  212
241  212
240  212
241  211
240  211
240  211
240  211
239  211
239  211
240  210
240  210
240  211
239  211
240  211
241  211
241  211
241  211
242  211
242  210
242  210
241  210
241  210
241  210
241  210
242  209
242  210
242  210
242  210
242  210
242  209
242  209
242  209
242  210
241  209
242  210
241  209
241  209
241  209
241  209
240  209
240  209
240  209
240  209
240  209
241  209
241  209
241  209
240  209
241  209
241  209
241  209
241  209
242  209
242  209
242  209
242  208
242  208
242  208
242  209
242  209
242  209
241  209
239  211
237  212
236  213
237  214
236  215
236  214
237  214
237  214
237  214
237  214
237  213
237  213
238  213
237  213
237  213
237  213
237  213
238  213
238  213
238  213
238  213
238  213
238  213
238  213
238  213
238  213
238  213
238  213
238  213
238  214
239  214
239  213
239  214
238  213
238  213
237  211
238  212
239  211
239  210
239  210
240  210
239  209
239  210
239  210
239  210
240  210
240  210
241  210
241  211
241  211
241  210
241  210
241  210
241  209
240  209
240  209
241  209
241  209
241  209
241  209
241  209
241  209
241  209
241  209
242  209
242  209
240  211
239  212
236  215
234  217
235  216
236  215
237  214
237  212
231  213
231  216
233  217
233  217
233  218
231  216
228  212
227  213
231  214
235  220
231  225
207  228
174  229
162  227
140  228
138  225
132  237
132  238
144  245
147  249
147  245
146  246
145  247
144  246
144  246
142  247
142  246
143  247
144  247
143  247
142  249
146  250
148  249
149  248
151  248
152  248
148  242
145  242
143  242
142  242
142  242
143  242
144  242
146  242
146  242
146  242
147  241
146  241
146  241
146  242
145  242
143  242
141  241
140  240
140  239
141  238
141  237
140  237
138  238
140  241
148  239
148  239
149  239
149  238
149  238
150  238
151  238
151  237
152  237
152  237
153  238
154  238
155  238
157  238
156  238
155  238
155  238
156  238
155  238
155  238
155  238
156  238
156  238
156  238
148  233
144  234
141  236
141  236
141  237
140  237
143  239
147  239
148  238
148  238
148  238
148  237
149  237
149  237
150  237
150  237
150  237
150  237
151  237
150  236
144  234
142  234
139  234
140  234
141  234
142  234
142  234
144  234
143  235
143  235
144  235
143  234
142  234
144  233
146  232
147  232
147  232
149  231
150  231
152  231
152  232
153  233
154  234
155  234
155  234
154  233
146  231
144  232
144  233
144  233
145  233
147  234
150  234
152  235
154  236
153  236
153  236
152  237
150  237
148  237
144  236
147  236
149  235
149  235
149  235
150  234
152  235
151  236
154  235
148  235
148  233
145  234
145  233
146  233
146  235
146  237
145  236
145  237
148  239
152  238
153  238
153  237
154  237
155  237
155  236
149  235
146  236
145  237
145  237
146  236
148  237
149  237
149  236
149  235
149  235
146  236
147  235
148  234
149  233
150  233
152  234
154  235
155  235
155  235
155  235
154  236
154  235
154  235
154  235
154  235
155  234
155  235
155  235
155  234
156  234
156  234
156  234
154  235
151  232
152  235
153  234
155  235
156  236
158  237
158  237
158  236
156  236
155  236
155  237
155  236
154  237
154  237
154  237
154  237
154  237
156  239
158  236
157  235
156  235
154  236
153  236
154  237
155  237
158  237
160  237
161  237
161  237
162  237
162  237
162  237
163  237
163  237
163  238
159  236
153  234
148  233
144  233
144  232
143  231
144  231
144  231
145  231
145  231
144  231
143  231
146  231
148  231
148  230
149  230
151  230
150  230
152  230
152  231
147  231
150  234
154  234
157  237
160  236
161  235
161  234
161  233
161  233
160  232
162  232
162  233
155  230
152  231
150  231
151  232
152  232
152  233
152  233
152  233
150  235
153  234
153  233
153  233
154  232
156  231
153  232
150  234
149  236
148  238
146  238
146  239
147  241
149  242
149  243
149  243
150  244
150  244
150  244
144  243
148  241
149  241
152  242
153  242
152  244
141  243
141  248
144  247
145  246
145  246
145  246
146  245
146  245
146  245
147  245
147  245
147  245
146  245
146  247
152  255
150  270
143  283
140  291
146  297
161  302
172  316
177  328
178  332
177  333
178  333
178  333
178  333
179  333
185  348
180  366
187  368
192  356
194  354
198  351
199  350
197  356
197  356
197  356
198  356
197  356
197  356
197  356
197  356
197  356
197  356
197  357
198  356
202  353
208  349
210  352
211  364
210  370
207  373
207  374
206  375
205  376
206  376
206  375
208  375
206  379
207  379
207  379
208  379
208  379
207  379
208  379
208  379
208  380
210  379
209  376
191  351
169  316
157  294
157  283
157  280
157  280
157  279
159  282
159  283
160  283
160  283
160  283
160  283
160  283
160  283
160  283
160  283
160  283
160  283
160  283
160  283
160  283
160  284
160  284
160  283
160  283
160  283
160  283
159  283
159  283
159  283
159  283
159  283
159  283
159  283
159  283
159  283
159  283
159  283
159  283
159  283
159  283
159  283
159  283
160  283
163  284
169  289
171  292
170  292
170  292
170  292
170  291
170  291
169  291
169  291
169  291
169  291
169  291
169  291
169  291
169  291
169  291
169  291
169  291
169  291
169  291
169  291
169  291
169  291
169  291
169  290
169  291
169  291
169  291
169  291
169  291
169  291
169  291
169  291
169  291
169  291
169  291
169  291
169  291
174  295
184  307
201  325
211  328
210  329
212  331
212  331
212  331
212  331
212  331
212  331
212  331
212  331
212  331
212  331
213  331
213  331
213  332
213  332
213  332
213  332
213  332
213  332
213  332
213  332
213  332
213  332
201  330
189  324
189  324
188  324
188  324
189  324
189  324
190  324
190  324
191  324
191  324
191  324
196  326
224  339
228  365
207  395
193  410
192  411
193  411
193  412
192  412
192  413
192  413
192  412
193  412
193  411
192  410
194  399
213  371
224  361
226  360
228  360
228  360
227  360
228  360
228  360
227  361
227  360
225  360
221  358
209  350
190  327
179  305
168  296
167  296
165  292
167  290
169  289
171  288
172  287
172  287
173  287
173  287
173  287
173  286
173  286
173  287
173  286
173  286
173  287
173  287
173  287
173  287
173  287
173  286
173  286
173  286
174  286
174  283
178  279
181  278
184  276
186  277
187  277
186  277
188  277
188  277
188  277
189  276
188  275
187  274
187  274
187  273
187  273
188  273
188  273
188  272
189  273
189  272
188  272
186  274
186  276
187  277
187  278
188  278
189  278
189  278
189  279
189  278
190  278
190  278
191  278
191  278
192  280
192  280
192  280
192  280
193  280
193  280
193  280
194  280
194  281
194  281
196  282
196  283
196  284
197  284
197  284
198  284
198  285
198  285
199  285
199  285
199  285
199  285
200  285
199  285
200  286
200  286
202  286
203  287
202  286
206  291
213  299
211  297
210  293
210  292
208  292
208  292
208  292
208  292
208  292
208  292
208  292
208  292
208  292
208  292
207  292
207  292
207  292
207  294
201  286
191  271
192  270
192  272
192  269
191  263
191  265
186  253
179  246
162  243
143  239
142  237
149  237
153  233
157  228
157  223
154  220
152  215
152  214
150  215
149  215
149  215
149  216
152  217
156  218
157  218
157  218
155  218
156  218
157  218
157  218
157  218
157  218
157  218
157  218
157  217
159  217
161  216
165  215
169  215
169  215
169  216
170  216
170  216
170  216
169  216
169  216
169  216
169  216
169  216
169  216
169  217
169  217
169  217
169  217
169  217
170  216
170  217
170  216
170  217
170  216
