131  250
127  241
127  241
175  233
140  214
318  74
283  91
294  97
307  353
178  400
158  422
288  44
288  44
285  107
231  201
300  100
175  595
175  556
183  546
92  297
80  213
44  193
67  222
92  220
85  233
214  216
235  210
184  593
202  585
213  589
205  553
193  543
198  550
158  446
114  280
237  421
178  464
178  464
156  395
95  237
114  201
117  214
109  232
105  245
339  81
281  87
282  145
247  103
273  101
337  182
368  175
368  185
237  318
245  310
228  199
306  349
399  376
424  252
403  391
380  391
375  361
408  244
411  273
335  183
268  291
243  600
199  541
186  499
188  509
153  476
120  161
127  170
257  96
189  477
189  622
210  575
203  566
198  546
108  296
121  302
123  286
104  281
133  221
98  262
244  141
125  378
430  634
434  458
382  500
187  640
113  496
66  465
83  302
92  312
81  333
327  164
127  237
163  206
182  220
146  150
154  231
201  205
201  205
230  198
114  292
117  254
105  262
108  269
122  274
93  275
132  403
131  325
160  323
195  360
159  344
161  304
172  280
158  224
